1|1|1|2025-07-27 14:00|120|4.00
2|1|1|2025-07-27 18:00|120|4.00
3|1|1|2025-07-27 21:30|120|5.00
4|2|2|2025-07-27 15:30|117|5.00
5|2|2|2025-07-27 19:30|117|5.00
6|2|2|2025-07-27 22:15|117|5.00
7|3|1|2025-07-28 16:00|106|4.00
8|3|1|2025-07-28 20:00|106|4.00
9|4|2|2025-07-28 14:30|125|4.00
10|4|2|2025-07-28 18:30|125|4.00
11|5|1|2025-07-28 22:00|124|5.00
12|6|2|2025-07-28 17:00|134|4.00
13|1|2|2025-07-29 15:00|120|4.00
14|2|1|2025-07-29 17:30|117|5.00
15|3|2|2025-07-29 19:45|106|4.00
16|4|1|2025-07-29 16:15|125|4.00
17|5|2|2025-07-29 21:00|124|5.00
18|6|1|2025-07-29 14:00|134|4.00